%YAML:1.0
---
camera intrinsic matrix: !!opencv-matrix
   rows: 3
   cols: 3
   dt: d
   data: [ 5.6871209515315854e+02, 0., 2.7883431998952477e+02, 0.,
       5.6907488422442873e+02, 3.4597920735262642e+02, 0., 0., 1. ]
distortion coefficient: !!opencv-matrix
   rows: 1
   cols: 5
   dt: d
   data: [ 2.1542350826526971e-01, -8.1009563374436211e-01,
       2.8374700930130191e-03, -1.0348448983739302e-03,
       1.0182532355938136e+00 ]
camera new intrinsic matrix: !!opencv-matrix
   rows: 3
   cols: 3
   dt: d
   data: [ 5.7770245361328125e+02, 0., 2.7786970148979344e+02, 0.,
       5.8054260253906250e+02, 3.4774362151190871e+02, 0., 0., 1. ]
